=============== rf_tfidf_model ===============
Confusion matrix
[[0.56833333 0.205      0.19333333 0.03166667 0.00166667]
 [0.35714286 0.37108014 0.23344948 0.03832753 0.        ]
 [0.296      0.21066667 0.41866667 0.07466667 0.        ]
 [0.32170543 0.15503876 0.39534884 0.12790698 0.        ]
 [0.5862069  0.13793103 0.17241379 0.03448276 0.06896552]]
              precision    recall  f1-score   support

           0       0.45      0.57      0.50       600
           1       0.46      0.37      0.41       574
           2       0.31      0.42      0.35       375
           3       0.32      0.13      0.18       258
           4       0.67      0.07      0.12        29

    accuracy                           0.41      1836
   macro avg       0.44      0.31      0.32      1836
weighted avg       0.41      0.41      0.39      1836
