=============== lstm ===============
Confusion matrix
[[0.82597403 0.08311688 0.09090909 0.         0.        ]
 [0.75871314 0.19839142 0.04289544 0.         0.        ]
 [0.68100358 0.1827957  0.13261649 0.         0.00358423]
 [0.75449102 0.14371257 0.10179641 0.         0.        ]
 [1.         0.         0.         0.         0.        ]]
              precision    recall  f1-score   support

           0       0.34      0.83      0.48       385
           1       0.41      0.20      0.27       373
           2       0.35      0.13      0.19       279
           3       0.00      0.00      0.00       167
           4       0.00      0.00      0.00        21

    accuracy                           0.35      1225
   macro avg       0.22      0.23      0.19      1225
weighted avg       0.31      0.35      0.28      1225
