=============== rf_tfidf_model ===============
Confusion matrix
[[0.60333333 0.19666667 0.175      0.02166667 0.00333333]
 [0.37979094 0.35191638 0.25783972 0.01045296 0.        ]
 [0.344      0.20266667 0.392      0.05866667 0.00266667]
 [0.38372093 0.12015504 0.39534884 0.10077519 0.        ]
 [0.44827586 0.10344828 0.17241379 0.10344828 0.17241379]]
              precision    recall  f1-score   support

           0       0.44      0.60      0.51       600
           1       0.47      0.35      0.40       574
           2       0.29      0.39      0.33       375
           3       0.37      0.10      0.16       258
           4       0.62      0.17      0.27        29

    accuracy                           0.40      1836
   macro avg       0.44      0.32      0.33      1836
weighted avg       0.41      0.40      0.39      1836
